Protocol	Fraction	Density	Treatment	Replica	fraction_volume	ng_raw	Trustable	Vol_correct	Dil_factor	Dil_Correct	Rel_total
dLoRNA	1	1.008776742	DMSO	1	1000	0.251	N	15.06	1	15.06	7.99149E-05
dLoRNA	2	1.030326777	DMSO	1	500	22.276	N	1336.56	1	1336.56	0.007092372
dLoRNA	3	1.042081342	DMSO	1	500	1.912	N	114.72	1	114.72	0.000608754
dLoRNA	4	1.055795	DMSO	1	500	10.624	N	637.44	1	637.44	0.003382535
dLoRNA	5	1.065590471	DMSO	1	500	4.146	N	248.76	1	248.76	0.001320029
dLoRNA	6	1.081263224	DMSO	1	526.739228	0.714	N	42.84	1.066836901	45.70329285	0.000242522
dLoRNA	7	1.091058694	DMSO	1	569.2032325	7.994	Y	479.64	1.267139663	607.7708678	0.003225098
dLoRNA	8	1.104772353	DMSO	1	398.8372533	179.02	Y	10741.2	1	10741.2	0.056997504
dLoRNA	9	1.11260873	DMSO	1	429.8222981	45.392	Y	2723.52	1.146736201	3123.158978	0.016572847
dLoRNA	10	1.128281483	DMSO	1	411.5358711	17.856	N	1071.36	1.230169637	1317.954542	0.006993643
dLoRNA	11	1.143954236	DMSO	1	412.0690639	22.634	N	1358.04	1.364155133	1852.577236	0.009830585
dLoRNA	12	1.159626988	DMSO	1	367.3465939	9.954	Y	597.24	1.334124344	796.7924231	0.004228129
dLoRNA	13	1.171381553	DMSO	1	410.2144337	69.366	Y	4161.96	1.588658031	6611.931177	0.035085798
dLoRNA	14	1.204686153	DMSO	1	445.5157817	51.596	Y	3095.76	2.029538734	6282.964832	0.033340159
dLoRNA	15	1.222318	DMSO	1	353.3790656	70.944	Y	4256.64	1.737539036	7396.078163	0.039246825
dLoRNA	16	1.24582713	DMSO	1	390.2244727	395.196	Y	23711.76	2.106765197	49955.11072	0.26508366
dLoRNA	17	1.277172635	DMSO	1	455.5238651	448.161	Y	26889.66	2.752013221	74000.69983	0.39268007
dLoRNA	18	1.308518141	DMSO	1	479.6111192	88.83	Y	5329.8	3.20571841	17085.83798	0.090664927
dLoRNA	19	1.311708252	DMSO	1	443.161512	25.025	Y	1501.5	2.991070394	4491.092196	0.023831699
dLoRNA	20	1.352394013	DMSO	1	481.8664	5.231	Y	313.86	3.654201526	1146.907691	0.006085994
dLoRNA	21	1.38863647	DMSO	1	231.1000853	5.561	Y	333.66	1.924229152	642.0382988	0.003406936
dLoRNA	1	1.01465402	TG	1	1000	-0.459	N	0	1	0	0
dLoRNA	2	1.02836768	TG	1	500	1.085	N	65.1	1	65.1	0.000350184
dLoRNA	3	1.04208134	TG	1	500	2.246	N	134.76	1	134.76	0.000724897
dLoRNA	4	1.055795	TG	1	500	1.653	N	99.18	1	99.18	0.000533506
dLoRNA	5	1.06559047	TG	1	500	0.139	N	8.34	1	8.34	4.48623E-05
dLoRNA	6	1.07538594	TG	1	500	11.199	N	671.94	1	671.94	0.003614482
dLoRNA	7	1.0890996	TG	1	457.4558693	6.67	Y	400.2	1	400.2	0.002152745
dLoRNA	8	1.09889507	TG	1	418.9698793	86.254	Y	5175.24	1	5175.24	0.027838517
dLoRNA	9	1.10477235	TG	1	398.8372533	69.393	Y	4163.58	1	4163.58	0.022396622
dLoRNA	10	1.11848601	TG	1	449.6269513	2.902	N	174.12	1.253745569	218.3021786	0.001174285
dLoRNA	11	1.13219967	TG	1	434.7819945	1.952	N	117.12	1.334579571	156.3059594	0.000840797
dLoRNA	12	1.14591333	TG	1	368.4484993	2.222	N	133.32	1.234546329	164.5897166	0.000885357
dLoRNA	13	1.16354518	TG	1	439.3887407	9.663	Y	579.78	1.631058297	945.6549795	0.005086843
dLoRNA	14	1.17529974	TG	1	316.9678513	36.664	Y	2199.84	1.252996575	2756.391986	0.014827112
dLoRNA	15	1.19489068	TG	1	345.6381088	36.073	Y	2164.38	1.505142638	3257.700622	0.017523739
dLoRNA	16	1.23015438	TG	1	406.9446217	55.375	Y	3322.5	2.06628959	6865.247164	0.036929359
dLoRNA	17	1.24582713	TG	1	485.2244727	417.9	Y	25074	2.619656386	65685.26421	0.35333247
dLoRNA	18	1.2889272	TG	1	539.1751226	357.574	Y	21454.44	3.387307727	72672.79039	0.390919589
dLoRNA	19	1.32360865	TG	1	502.9930971	72.571	Y	4354.26	3.517604048	15316.5626	0.082390456
dLoRNA	20	1.36564376	TG	1	477.3066794	17.648	Y	1058.88	3.749266586	3970.023403	0.021355447
dLoRNA	21	1.41304522	TG	1	493.2918761	12.153	N	729.18	4.354168129	3174.972316	0.017078729
dLoRNA	1	1.010735836	DMSO	2	1000	-0.395	N	-23.7	1	0	0
dLoRNA	2	1.034244965	DMSO	2	500	-0.074	N	-4.44	1	0	0
dLoRNA	3	1.044040436	DMSO	2	500	1.237	N	74.22	1	0	0
dLoRNA	4	1.042081342	DMSO	2	500	0.089	N	5.34	1	5.34	1.97957E-05
dLoRNA	5	1.069508659	DMSO	2	500	-0.261	N	-15.66	1	0	0
dLoRNA	6	1.07930413	DMSO	2	520.7275841	0.375	N	22.5	1.0337484	23.259339	8.62239E-05
dLoRNA	7	1.091058694	DMSO	2	458.2032325	0.614	N	36.84	1.020035475	37.57810689	0.000139305
dLoRNA	8	1.102813259	DMSO	2	551.3296453	141.125	Y	8467.5	1.360200646	11517.49897	0.042696139
dLoRNA	9	1.11260873	DMSO	2	374.8222981	267.611	Y	16056.66	1	16056.66	0.059523113
dLoRNA	10	1.126322389	DMSO	2	377.0916266	6.546	Y	392.76	1.112064106	436.7742983	0.001619152
dLoRNA	11	1.138076953	DMSO	2	381.4777295	3.905	N	234.3	1.216921311	285.1246631	0.001056976
dLoRNA	12	1.151790612	DMSO	2	350.0894785	5.546	N	332.76	1.215210914	404.3735838	0.00149904
dLoRNA	13	1.167463365	DMSO	2	478.6832548	52.858	N	3171.48	1.815372217	5757.416678	0.021343129
dLoRNA	14	1.1890134	DMSO	2	375.1723462	79.558	Y	4773.48	1.588553242	7582.927129	0.028110418
dLoRNA	15	1.218399812	DMSO	2	378.7565723	41.524	Y	2491.44	1.831896167	4564.059386	0.016919273
dLoRNA	16	1.24582713	DMSO	2	392.2244727	465.387	Y	27923.22	2.117562906	59129.17489	0.219195807
dLoRNA	17	1.273254447	DMSO	2	417.7541718	671.749	Y	40304.94	2.490275904	100370.4209	0.372079864
dLoRNA	18	1.296763577	DMSO	2	470.206447	250.85	Y	15051	3.029554867	45597.83031	0.169034207
dLoRNA	19	1.340069744	DMSO	2	496.4109394	61.575	Y	3694.5	3.63908453	13444.5978	0.049840023
dLoRNA	20	1.38146697	DMSO	2	502.2581042	12.247	Y	734.82	4.10817841	3018.771659	0.011190788
dLoRNA	21	1.427622443	DMSO	2	209.5820093	13.274	N	796.44	1.912558554	1523.238135	0.005646746
dLoRNA	1	1.010735836	TG	2	1000	-1.617	N	-97.02	1	0	0
dLoRNA	2	1.032285871	TG	2	500	-1.149	N	-68.94	1	0	0
dLoRNA	3	1.042081342	TG	2	500	-0.739	N	-44.34	1	0	0
dLoRNA	4	1.051876812	TG	2	500	-0.733	N	-43.98	1	0	0
dLoRNA	5	1.065590471	TG	2	500	0.065	N	3.9	1	0	0
dLoRNA	6	1.075385942	TG	2	500	0.654	N	39.24	1	39.24	0.000127552
dLoRNA	7	1.085181412	TG	2	474.9055339	26.637	Y	1598.22	1	1598.22	0.005195122
dLoRNA	8	1.093017789	TG	2	441.2430792	160.045	Y	9602.7	1	9602.7	0.031214222
dLoRNA	9	1.102813259	TG	2	405.3296453	155.802	Y	9348.12	1	9348.12	0.030386692
dLoRNA	10	1.110649636	TG	2	395.5507685	14.757	Y	885.42	1.039416554	920.3202054	0.002991563
dLoRNA	11	1.1224042	TG	2	410.5858056	0.586	N	35.16	1.177861516	41.41361092	0.000134618
dLoRNA	12	1.140036047	TG	2	539.5802788	0.568	N	34.08	1.742941382	59.39944228	0.000193082
dLoRNA	13	1.159626988	TG	2	555.3465939	5.91	Y	354.6	2.016900177	715.1928027	0.002324782
dLoRNA	14	1.181177024	TG	2	372.4859182	49.477	Y	2968.62	1.517341284	4504.409681	0.014641886
dLoRNA	15	1.210563435	TG	2	376.8596881	42.682	Y	2560.92	1.762181978	4512.80707	0.014669183
dLoRNA	16	1.241908941	TG	2	553.0217604	355.392	Y	21323.52	2.941264667	62718.11594	0.203869451
dLoRNA	17	1.277172635	TG	2	500.5238651	790.462	Y	47427.72	3.023877341	143415.6079	0.466182071
dLoRNA	18	1.325549722	TG	2	542.1840892	225.081	Y	13504.86	3.813254297	51497.46543	0.167395972
dLoRNA	19	1.376696184	TG	2	428.7376031	57.971	Y	3478.26	3.46489339	12051.80008	0.039175186
dLoRNA	20	1.435406316	TG	2	367.6988315	18.861	Y	1131.66	3.41413947	3863.645072	0.012559038
dLoRNA	21	1.50230076	TG	2	143.8397838	29.903	Y	1794.18	1.532823052	2750.160464	0.008939581
dLoRNA	1	1.010735836	DMSO	3	1000	-1.428	N	-85.68	1	0	0
dLoRNA	2	1.026408589	DMSO	3	500	5.054	N	303.24	1	303.24	0.001161521
dLoRNA	3	1.044040436	DMSO	3	500	0.44	N	26.4	1	26.4	0.000101122
dLoRNA	4	1.057754095	DMSO	3	500	-0.24	N	-14.4	1	0	0
dLoRNA	5	1.067549565	DMSO	3	500	-0.063	N	-3.78	1	0	0
dLoRNA	6	1.07930413	DMSO	3	500	-0.14	N	-8.4	1	0	0
dLoRNA	7	1.0890996	DMSO	3	476.4558693	40.859	Y	2451.54	1.04153406	2553.362409	0.009780321
dLoRNA	8	1.098895071	DMSO	3	418.9698793	254.137	Y	15248.22	1	15248.22	0.058406316
dLoRNA	9	1.108690541	DMSO	3	398.4570548	198.405	Y	11904.3	1.03105132	12273.94423	0.047013741
dLoRNA	10	1.120445106	DMSO	3	387.5350954	63.121	Y	3787.26	1.0961715	4151.486475	0.015901727
dLoRNA	11	1.132199671	DMSO	3	381.7819945	2.923	N	175.38	1.17189409	205.5267855	0.000787244
dLoRNA	12	1.14591333	DMSO	3	398.4484993	1.318	N	79.08	1.33506618	105.5770335	0.000404399
dLoRNA	13	1.161586083	DMSO	3	464.3350863	32.679	Y	1960.74	1.70501382	3343.088797	0.012805265
dLoRNA	14	1.175299741	DMSO	3	363.9678513	80.614	Y	4836.84	1.43879093	6959.201522	0.026656313
dLoRNA	15	1.202727059	DMSO	3	354.4682222	34.247	Y	2054.82	1.60053762	3288.816712	0.012597383
dLoRNA	16	1.220358906	DMSO	3	357.0539119	108.698	Y	6521.88	1.74126847	11356.34401	0.043498993
dLoRNA	17	1.251704412	DMSO	3	431.1811966	845.221	Y	50713.26	2.37983414	120689.1475	0.462284026
dLoRNA	18	1.290886294	DMSO	3	498.164047	332.832	Y	19969.92	3.1496668	62898.59402	0.240924854
dLoRNA	19	1.324557637	DMSO	3	512.5964278	61.512	Y	3690.72	3.59473541	13267.16187	0.050818132
dLoRNA	20	1.368626283	DMSO	3	346.3234282	14.712	Y	882.72	2.74156135	2420.031035	0.009269613
dLoRNA	21	1.418719536	DMSO	3	521.8183058	7.076	Y	424.56	4.6666626	1981.278273	0.007589028
dLoRNA	1	1.014654024	TG	3	1000	-1.281	N	-76.86	1	0	0
dLoRNA	2	1.032285871	TG	3	500	-1.009	N	-60.54	1	0	0
dLoRNA	3	1.044040436	TG	3	500	3.257	N	195.42	1	195.42	0.000633453
dLoRNA	4	1.057754095	TG	3	500	-0.89	N	-53.4	1	0	0
dLoRNA	5	1.067549565	TG	3	500	-0.72	N	-43.2	1	0	0
dLoRNA	6	1.07930413	TG	3	500	1.328	N	79.68	1	79.68	0.000258282
dLoRNA	7	1.0890996	TG	3	457.4558693	29.572	Y	1774.32	1	1774.32	0.005751449
dLoRNA	8	1.096935977	TG	3	426.140156	97.055	Y	5823.3	1	5823.3	0.018876195
dLoRNA	9	1.104772353	TG	3	398.8372533	53.927	Y	3235.62	1	3235.62	0.010488244
dLoRNA	10	1.114567824	TG	3	394.2637326	5.139	Y	308.34	1.067702289	329.2153238	0.00106715
dLoRNA	11	1.128281483	TG	3	449.5358711	0.448	N	26.88	1.343759847	36.1202647	0.000117084
dLoRNA	12	1.140036047	TG	3	409.5802788	0.02	N	1.2	1.323017992	1.58762159	5.14627E-06
dLoRNA	13	1.1557088	TG	3	385.5739372	13.069	Y	784.14	1.369352366	1073.763964	0.0034806
dLoRNA	14	1.175299741	TG	3	364.9678513	60.749	Y	3644.94	1.442744006	5258.715339	0.017046097
dLoRNA	15	1.194890683	TG	3	380.6381088	20.209	Y	1212.54	1.657556365	2009.853394	0.006514929
dLoRNA	16	1.214481624	TG	3	401.2481536	55.101	Y	3306.06	1.908450308	6309.451227	0.020452051
dLoRNA	17	1.24582713	TG	3	567.2244727	791.328	Y	47479.68	3.062362464	145399.9898	0.471313266
dLoRNA	18	1.2889272	TG	3	514.1751226	514.691	Y	30881.46	3.230248008	99754.77465	0.323354553
dLoRNA	19	1.317555051	TG	3	475.5763385	135.532	Y	8131.92	3.266851904	26565.77833	0.086112824
dLoRNA	20	1.362811692	TG	3	478.2546022	31.76	Y	1905.6	3.728946908	7105.881227	0.023033675
dLoRNA	21	1.414407962	TG	3	497.9344507	13.405	Y	804.3	4.409057181	3546.20469	0.011495003
dLoRNA	1	1.01269493	DMSO	4	1000	-0.24	N	-14.4	1	0	0
dLoRNA	2	1.028367683	DMSO	4	500	0.108	N	6.48	1	6.48	3.25243E-05
dLoRNA	3	1.042081342	DMSO	4	500	0.04	N	2.4	1	2.4	1.2046E-05
dLoRNA	4	1.053835906	DMSO	4	500	0.673	N	40.38	1	40.38	0.000202675
dLoRNA	5	1.063631377	DMSO	4	500	0.932	N	55.92	1	55.92	0.000280673
dLoRNA	6	1.075385942	DMSO	4	500	2.282	N	136.92	1	136.92	0.000687227
dLoRNA	7	1.085181412	DMSO	4	474.9055339	0.715	N	42.9	1	42.9	0.000215323
dLoRNA	8	1.096935977	DMSO	4	426.140156	6.469	Y	388.14	1	388.14	0.001948147
dLoRNA	9	1.104772353	DMSO	4	398.8372533	225.278	Y	13516.68	1	13516.68	0.06784274
dLoRNA	10	1.11260873	DMSO	4	398.8222981	276.096	Y	16565.76	1.064030342	17626.47128	0.08847055
dLoRNA	11	1.126322389	DMSO	4	418.0916266	39.702	Y	2382.12	1.232975378	2937.095308	0.01474183
dLoRNA	12	1.141995141	DMSO	4	474.7785515	7.306	N	438.36	1.552687555	680.6361166	0.00341624
dLoRNA	13	1.159626988	DMSO	4	422.3465939	18.524	Y	1111.44	1.533872593	1704.807355	0.008556746
dLoRNA	14	1.173340647	DMSO	4	347.5642181	97.01	Y	5820.6	1.359987798	7915.944975	0.039731605
dLoRNA	15	1.202727059	DMSO	4	363.4682222	70.538	Y	4232.28	1.641175508	6945.914281	0.03486284
dLoRNA	16	1.218399812	DMSO	4	363.7565723	112.21	Y	6732.6	1.759347083	11844.98017	0.059452166
dLoRNA	17	1.251704412	DMSO	4	392.1811966	525.732	Y	31543.92	2.164580011	68279.33871	0.342706746
dLoRNA	18	1.279131729	DMSO	4	434.430804	284.556	Y	17073.36	2.642028096	45108.29682	0.226406962
dLoRNA	19	1.314710446	DMSO	4	466.8227209	78.451	Y	4707.06	3.179499181	14966.09341	0.075117616
dLoRNA	20	1.355027035	DMSO	4	520.9344598	13.806	Y	828.36	3.978589446	3295.704353	0.016541755
dLoRNA	21	1.400393386	DMSO	4	556.7215148	13.07	N	784.2	4.769656353	3740.364512	0.018773588
dLoRNA	1	1.011911292	TG	4	1000	-1.244	N	-74.64	1	0	0
dLoRNA	2	1.030326777	TG	4	500	-0.379	N	-22.74	1	0	0
dLoRNA	3	1.042081342	TG	4	500	8.057	N	483.42	1	483.42	0.001757429
dLoRNA	4	1.053835906	TG	4	500	2.654	N	159.24	1	159.24	0.000578902
dLoRNA	5	1.065590471	TG	4	500	1.288	N	77.28	1	77.28	0.000280944
dLoRNA	6	1.077345036	TG	4	500	2.988	N	179.28	1	179.28	0.000651756
dLoRNA	7	1.087924144	TG	4	462.5546242	19.363	Y	1161.78	1	1161.78	0.004223544
dLoRNA	8	1.096935977	TG	4	426.140156	169.736	Y	10184.16	1	10184.16	0.037023578
dLoRNA	9	1.104772353	TG	4	398.8372533	171.353	Y	10281.18	1	10281.18	0.037376286
dLoRNA	10	1.116526918	TG	4	391.8676235	7.848	Y	470.88	1.076951062	507.114716	0.001843569
dLoRNA	11	1.132199671	TG	4	408.7819945	1.572	N	94.32	1.2547716	118.3500573	0.000430251
dLoRNA	12	1.143954236	TG	4	468.0690639	2.457	N	147.42	1.5495432	228.4336585	0.00083045
dLoRNA	13	1.159626988	TG	4	471.3465939	5.462	N	327.72	1.711830124	561.0009681	0.002039467
dLoRNA	14	1.177258836	TG	4	369.4237089	70.163	Y	4209.78	1.475194623	6210.244821	0.022576775
dLoRNA	15	1.198808871	TG	4	340.479184	46.654	Y	2799.24	1.510024908	4226.922122	0.015366587
dLoRNA	16	1.220358906	TG	4	352.0539119	115.072	Y	6904.32	1.716884641	11853.92096	0.043093841
dLoRNA	17	1.241908941	TG	4	357.0217604	679.995	Y	40799.7	1.898832133	77471.78139	0.281641545
dLoRNA	18	1.273254447	TG	4	372.7541718	689.08	Y	41344.8	2.222026241	91869.23053	0.333982149
dLoRNA	19	1.296763577	TG	4	490.206447	241.845	Y	14510.7	3.158415494	45830.81971	0.166613735
dLoRNA	20	1.332450435	TG	4	509.3806395	42.033	Y	2521.98	3.654601108	9216.830903	0.033506942
dLoRNA	21	1.370127733	TG	4	545.8341694	17.103	Y	1026.18	4.337726169	4451.28784	0.016182248
sLoRNA	1	Na	DMSO	1	Na	316.859	Y	19011.54	1	19011.54	0.176912692
sLoRNA	2	Na	DMSO	1	Na	345.034	Y	20702.04	1	20702.04	0.192643712
sLoRNA	3	Na	DMSO	1	Na	90.633	Y	5437.98	1	5437.98	0.050603354
sLoRNA	4	Na	DMSO	1	Na	48.547	Y	2912.82	1	2912.82	0.02710537
sLoRNA	5	Na	DMSO	1	Na	278.866	Y	16731.96	3.55	59398.458	0.552734872
sLoRNA	1	Na	TG	1	Na	132.013	Y	7920.78	1	7920.78	0.068685742
sLoRNA	2	Na	TG	1	Na	190.218	Y	11413.08	1	11413.08	0.098969529
sLoRNA	3	Na	TG	1	Na	79.657	Y	4779.42	1	4779.42	0.041445162
sLoRNA	4	Na	TG	1	Na	31.992	Y	1919.52	1	1919.52	0.016645287
sLoRNA	5	Na	TG	1	Na	425.173	Y	25510.38	3.5	89286.33	0.77425428
sLoRNA	1	Na	DMSO	2	Na	103.249	Y	6194.94	1	6194.94	0.069626094
sLoRNA	2	Na	DMSO	2	Na	204.179	Y	12250.74	1	12250.74	0.137688368
sLoRNA	3	Na	DMSO	2	Na	141.821	Y	8509.26	1	8509.26	0.095637171
sLoRNA	4	Na	DMSO	2	Na	79.128	Y	4747.68	1	4747.68	0.053360067
sLoRNA	5	Na	DMSO	2	Na	305.939	Y	18356.34	3.12	57271.7808	0.6436883
sLoRNA	1	Na	TG	2	Na	205.198	Y	12311.88	1	12311.88	0.090916588
sLoRNA	2	Na	TG	2	Na	244.258	Y	14655.48	1	14655.48	0.108222808
sLoRNA	3	Na	TG	2	Na	85.718	Y	5143.08	1	5143.08	0.037978869
sLoRNA	4	Na	TG	2	Na	38.465	Y	2307.9	1	2307.9	0.017042596
sLoRNA	5	Na	TG	2	Na	507.034	Y	30422.04	3.32	101001.1728	0.745839139
sLoRNA	1	Na	DMSO	3	Na	166.322	Y	9979.32	1	9979.32	0.17541088
sLoRNA	2	Na	DMSO	3	Na	132.263	Y	7935.78	1	7935.78	0.139490682
sLoRNA	3	Na	DMSO	3	Na	62.291	Y	3737.46	1	3737.46	0.065694972
sLoRNA	4	Na	DMSO	3	Na	31.426	Y	1885.56	1	1885.56	0.033143314
sLoRNA	5	Na	DMSO	3	Na	115.809	Y	6948.54	4.8	33352.992	0.586260153
sLoRNA	1	Na	TG	3	Na	109.917	Y	6595.02	1	6595.02	0.072541122
sLoRNA	2	Na	TG	3	Na	149.447	Y	8966.82	1	8966.82	0.098629449
sLoRNA	3	Na	TG	3	Na	39.686	Y	2381.16	1	2381.16	0.026191281
sLoRNA	4	Na	TG	3	Na	18.378	N	1102.68	1	1102.68	0.012128795
sLoRNA	5	Na	TG	3	Na	254.853	Y	15291.18	4.7	71868.546	0.790509353
sLoRNA	1	Na	DMSO	4	Na	195.43	Y	11725.8	1	11725.8	0.237032915
sLoRNA	2	Na	DMSO	4	Na	87.617	Y	5257.02	1	5257.02	0.106268807
sLoRNA	3	Na	DMSO	4	Na	39.886	Y	2393.16	1	2393.16	0.048376886
sLoRNA	4	Na	DMSO	4	Na	17.947	N	1076.82	1	1076.82	0.021767537
sLoRNA	5	Na	DMSO	4	Na	104.001	Y	6240.06	4.65	29016.279	0.586553855
sLoRNA	1	Na	TG	4	Na	237.048	Y	14222.88	1	14222.88	0.187966327
sLoRNA	2	Na	TG	4	Na	100.564	Y	6033.84	1	6033.84	0.079741848
sLoRNA	3	Na	TG	4	Na	23.063	Y	1383.78	1	1383.78	0.01828772
sLoRNA	4	Na	TG	4	Na	20.605	N	1236.3	1	1236.3	0.016338658
sLoRNA	5	Na	TG	4	Na	214.595	Y	12875.7	4.1	52790.37	0.697665447